3,2
3,1
3,3
10,282
10,92
10,254
10,272
10,66
10,196
10,10
10,296
11,14
11,4
8,9
8,6
8,2
8,3
2,2
2,1
2,3
42,4
42,3
42,2
42,1
42,0
41,3
41,2
41,1
41,0
37,4
37,3
37,2
37,1
36,3
36,1
35,3
35,1
34,4
34,3
34,1
26,3
26,2
26,1
20,3
20,2
20,1
19,3
19,2
19,1
18,3
18,1
14,3
14,1
13,3
13,1
12,3
12,2
12,1
11,28
11,27
11,26
11,25
11,24
11,23
11,22
11,21
11,20
11,19
11,13
11,12
11,11
11,10
11,8
11,3
11,2
11,1
10,281
10,266
10,264
10,259
10,241
10,231
10,226
10,205
10,182
10,160
10,123
10,100
10,78
10,69
10,35
10,32
10,3
10,2
10,1
